389.0023,389.003595,389.030165,389.03623999999996,389.06207,389.10463,389.146245,389.199615,389.230345,389.26041499999997,389.295685,389.313835,389.35036,389.366205,389.408095,389.42697000000004,389.4639,389.508475,389.53495,389.5638,389.588955,389.6419,389.68087,389.701705,389.739755,389.80616000000003,389.840685,389.859685,389.88241,389.92060499999997,389.94877,389.973945
390.0023,390.00354500000003,390.00530499999996,390.03628,390.06221,390.12792,390.148555,390.180995,390.21714,390.253765,390.30978999999996,390.335895,390.36546,390.39992,390.418585,390.44858500000004,390.50476499999996,390.525895,390.56403,390.60323,390.633265,390.69732,390.72091,390.737345,390.780755,390.80876,390.837925,390.87716,390.91197,390.92731000000003,390.97314500000005
391.0022,391.0035,391.00595,391.029135,391.040005,391.096865,391.138165,391.179925,391.221955,391.25682,391.290905,391.34407999999996,391.363825,391.41204500000003,391.447735,391.476945,391.523985,391.56588999999997,391.597565,391.64246,391.66719,391.690835,391.72013,391.76462999999995,391.80246,391.84989,391.878245,391.904185,391.92727,391.95257000000004,391.99842
392.00215,392.003455,392.03045499999996,392.049345,392.092335,392.137325,392.20124500000003,392.23951,392.26897,392.298765,392.325005,392.376845,392.40115499999996,392.428835,392.452635,392.47430499999996,392.51304,392.54531000000003,392.58186,392.60354,392.641825,392.67525,392.73225,392.78062,392.81756,392.840235,392.88147000000004,392.918495,392.940945,392.9775
393.00215,393.002785,393.03245,393.041125,393.07432,393.139955,393.19851,393.21126,393.27480499999996,393.31875499999995,393.354605,393.382255,393.46005,393.486125,393.518075,393.544765,393.578525,393.607035,393.66020499999996,393.70684,393.72462,393.76318,393.81509500000004,393.84115,393.880245,393.95024,393.988615
394.0021,394.003365,394.032855,394.043855,394.102185,394.16234,394.20376,394.24355,394.27056,394.301435,394.32329500000003,394.359565,394.388915,394.43498,394.488715,394.5408,394.56115,394.60211,394.64603999999997,394.67432,394.70991000000004,394.72897,394.77105,394.81169500000004,394.83941,394.86874500000005,394.90004500000003,394.943695,394.99527
395.00205,395.00332000000003,395.02954500000004,395.035875,395.095485,395.130065,395.17836,395.23597,395.26793,395.30060499999996,395.31924,395.356405,395.397015,395.4228,395.45275499999997,395.507545,395.53495499999997,395.555985,395.63021000000003,395.66733500000004,395.7082,395.74194500000004,395.76944,395.803675,395.82766000000004,395.87399,395.93010499999997,395.97012
396.002,396.003275,396.03047999999995,396.036605,396.06566499999997,396.13746000000003,396.16552,396.1921,396.217235,396.25289,396.28826499999997,396.31543999999997,396.34742,396.397585,396.417295,396.45633,396.49695,396.55965499999996,396.58321,396.643745,396.67436000000004,396.72999,396.784925,396.84843,396.88338,396.91213500000003,396.93644,396.96441,396.99071000000004
397.00195,397.00323,397.031815,397.04822,397.07633500000003,397.120125,397.175955,397.22500499999995,397.260475,397.281575,397.31426,397.33516000000003,397.36695,397.401335,397.43823,397.4773,397.52032,397.56475,397.598175,397.64181,397.66995499999996,397.69961,397.733675,397.76585,397.800995,397.831135,397.87224,397.90381,397.929745,397.97033500000003,398.000865
398.0019,398.00318500000003,398.029725,398.042525,398.08083,398.12023999999997,398.1736,398.215335,398.249145,398.29429,398.310605,398.3534,398.390555,398.48382000000004,398.51051,398.542075,398.60442,398.620585,398.64836,398.68625,398.708875,398.774895,398.81599500000004,398.85134,398.89142000000004,398.934035,398.95056,398.986485
399.00185,399.00314,399.029295,399.067165,399.12282999999996,399.16879,399.22846,399.26755,399.312365,399.3423,399.39042,399.42081,399.46056,399.480525,399.526095,399.57394500000004,399.601115,399.621855,399.65954500000004,399.7154,399.75162,399.79798,399.82709500000004,399.85044500000004,399.88079500000003,399.91564500000004,399.95555,399.969135
400.0018,400.00309500000003,400.013795,400.04028,400.091915,400.12068500000004,400.15725499999996,400.18612,400.20976,400.23442,400.278375,400.30366499999997,400.35207,400.407935,400.428125,400.45131499999997,400.46677999999997,400.53114,400.55523999999997,400.58531,400.6244,400.66609,400.70279,400.74939,400.77706,400.821225,400.87445,400.89451,400.94818,400.96115
401.00175,401.00304500000004,401.006685,401.031225,401.03551,401.08627,401.126555,401.15443999999997,401.19063,401.228345,401.273215,401.31225,401.328285,401.376085,401.42082,401.43522,401.469845,401.51352,401.586255,401.62100499999997,401.65410499999996,401.71306,401.74187,401.77711,401.817545,401.862755,401.912025,401.931235,401.966655,401.995385
402.00175,402.003,402.031045,402.045575,402.09286000000003,402.12775,402.17419,402.24135,402.2714,402.31068999999997,402.362515,402.392325,402.438155,402.472485,402.5204,402.560905,402.604625,402.62851,402.66362000000004,402.6936,402.74039500000003,402.7675,402.806195,402.859445,402.8834,402.931075,402.98637
403.0017,403.00173,403.002955,403.028275,403.042955,403.0897,403.11227,403.147375,403.182175,403.21746,403.262645,403.32201499999996,403.3389,403.38274,403.43377999999996,403.46103,403.49737000000005,403.53590499999996,403.587445,403.62456000000003,403.65898500000003,403.693865,403.73592,403.76854,403.813875,403.88300499999997,403.925625,403.96916,403.98739
404.00165,404.00291,404.032275,404.04605,404.074835,404.125785,404.17719,404.21221,404.25167999999996,404.29006,404.34201,404.356715,404.40858,404.452185,404.48308,404.51726,404.55042000000003,404.602215,404.643665,404.67512,404.71332,404.7289,404.824135,404.84485,404.905195,404.92875499999997
405.0016,405.002865,405.006305,405.032825,405.06689500000005,405.10811,405.13723,405.18074,405.210855,405.287525,405.33036,405.3946,405.42343,405.46337,405.51448,405.565945,405.61953,405.66207,405.68901,405.74855499999995,405.76776,405.791025,405.822645,405.845535,405.87359,405.92654,405.97366
406.0015,406.00282000000004,406.00737999999996,406.032155,406.04026,406.072665,406.126125,406.1673,406.18795,406.235025,406.269175,406.30742000000004,406.37212,406.426455,406.45545,406.520545,406.59083,406.630275,406.67526000000004,406.725915,406.76037,406.80278,406.82702,406.89254,406.92865,406.95905,406.9945
407.0015,407.002775,407.03110499999997,407.040265,407.07776,407.12911,407.15529,407.185785,407.2275,407.274945,407.308225,407.347825,407.38714500000003,407.41469,407.461535,407.493835,407.535385,407.578725,407.597625,407.63766,407.682495,407.73753500000004,407.76221,407.81656499999997,407.84663,407.91165,407.944315,407.9911
408.00145,408.00273,408.025015,408.032845,408.06406,408.123565,408.156445,408.212325,408.2287,408.312095,408.33411,408.38419500000003,408.41085,408.47893,408.551725,408.57342,408.601675,408.64926,408.675005,408.71727000000004,408.754175,408.79783,408.8405,408.861705,408.8986,408.937635,408.967005
409.0014,409.002685,409.01137,409.030435,409.03893500000004,409.08786499999997,409.11421,409.14123,409.200065,409.23143999999996,409.27069,409.30060499999996,409.37297,409.39127,409.4311,409.45934,409.51802000000004,409.554625,409.60421,409.62768,409.66643999999997,409.71657000000005,409.7663,409.80841000000004,409.857835,409.89831499999997,409.9294,409.970475,409.9865
410.00135,410.00201,410.02617000000004,410.055775,410.108985,410.15727000000004,410.189925,410.2353,410.27297999999996,410.312325,410.378915,410.398965,410.431305,410.45607,410.497685,410.56428999999997,410.59508999999997,410.65615499999996,410.71306,410.75073,410.78213999999997,410.8247,410.845515,410.863035,410.90276,410.92542000000003,410.96869
411.0013,411.001965,411.00575499999997,411.02937000000003,411.04278500000004,411.08005499999996,411.107265,411.129715,411.171455,411.2496,411.300465,411.333505,411.348995,411.37586,411.414135,411.45226,411.489355,411.54865,411.580475,411.61688,411.6633,411.71237,411.73346000000004,411.76742,411.829825,411.85704,411.8813,411.918045,411.942835,411.97876
412.00125,412.002545,412.01063999999997,412.03435,412.05054,412.10121000000004,412.12214,412.15956,412.189825,412.230255,412.26968999999997,412.29122,412.33529,412.36041,412.40013999999996,412.453725,412.48933,412.53499500000004,412.57091,412.60278999999997,412.64460499999996,412.682075,412.75316000000004,412.780815,412.81604,412.85587000000004,412.90000499999996,412.93039500000003,412.953,412.9999
413.0012,413.0025,413.02877,413.03743,413.059145,413.10622,413.13690499999996,413.16355,413.21637000000004,413.241465,413.287785,413.327705,413.353985,413.390525,413.416405,413.460615,413.501515,413.542065,413.579945,413.617015,413.65700499999997,413.680165,413.71405,413.726885,413.74175499999996,413.76612,413.786255,413.80328,413.85662,413.887405,413.936215,413.96402,413.99735
414.0012,414.002455,414.030055,414.033365,414.06658,414.107035,414.11978,414.165825,414.22115499999995,414.255285,414.2738,414.3205,414.356175,414.405635,414.43422000000004,414.465335,414.488025,414.54359,414.57214,414.6226,414.67496,414.73902000000004,414.76153999999997,414.79085499999997,414.83422,414.873215,414.911115,414.945525,414.980945
415.0011,415.00241,415.00501,415.0315,415.06411,415.128555,415.15667,415.19198,415.26726,415.305815,415.346695,415.382385,415.40994,415.45405,415.484965,415.524525,415.55894,415.598095,415.64822999999996,415.68422000000004,415.710625,415.744975,415.80662,415.82993,415.86731000000003,415.89974,415.924655,415.960105,415.995475
416.0011,416.00174,416.02719,416.04199500000004,416.09401,416.10939,416.162165,416.211535,416.252945,416.28839500000004,416.3692,416.384175,416.441785,416.508015,416.53029,416.573735,416.614665,416.647485,416.6678,416.70421,416.73282,416.76710499999996,416.800575,416.85572,416.889705,416.9184,416.95369500000004,416.988435
417.00105,417.00232,417.011175,417.03041,417.03488,417.08909,417.1315,417.16091,417.206005,417.2475,417.33493,417.36199500000004,417.39869500000003,417.42416000000003,417.44084,417.499375,417.51972,417.555655,417.587985,417.61371,417.65418999999997,417.68379,417.75056,417.81674,417.839865,417.88687000000004,417.922995,417.962605,417.99664
418.001,418.002275,418.028325,418.03421000000003,418.06582000000003,418.09457000000003,418.169315,418.216515,418.255075,418.28452000000004,418.30112,418.336975,418.35798,418.391905,418.43066,418.45981,418.48304,418.522085,418.5686,418.59907000000004,418.6401,418.681375,418.706875,418.75268,418.772725,418.817585,418.85225,418.88946,418.91254,418.9593,418.99483
419.00095,419.00223,419.02714,419.038585,419.05650499999996,419.093945,419.13291499999997,419.165685,419.20804,419.23969500000004,419.28355,419.308635,419.33269,419.37092,419.422345,419.438375,419.48206,419.518535,419.57034000000004,419.6034,419.62719000000004,419.65098,419.694375,419.714855,419.77097000000003,419.80464000000006,419.839505,419.86341500000003,419.90173,419.94055499999996,419.95953499999996
420.0009,420.00218499999994,420.009595,420.03095,420.036635,420.06980999999996,420.113435,420.16074000000003,420.194105,420.23461,420.26225999999997,420.294665,420.31984500000004,420.361455,420.37712999999997,420.415595,420.44804500000004,420.47585,420.51135,420.56177,420.59733,420.61778499999997,420.679995,420.717345,420.75972,420.796045,420.84406500000006,420.88367,420.90677999999997,420.94408,420.96563
421.00085,421.00214000000005,421.02656500000006,421.03035,421.04265999999996,421.06282999999996,421.11265,421.131825,421.1811,421.20505499999996,421.25336500000003,421.27728499999995,421.328025,421.357585,421.3785,421.407755,421.44295,421.493605,421.514755,421.55778,421.5779,421.61915,421.65928499999995,421.69305499999996,421.72992999999997,421.76645999999994,421.81413499999996,421.82735999999994,421.8665,421.906445,421.94257999999996,421.98739000000006
422.0008,422.002095,422.02865,422.035565,422.071145,422.10438,422.13817,422.16796500000004,422.22899,422.261395,422.33775,422.374745,422.41465999999997,422.43474000000003,422.483855,422.50813,422.55626500000005,422.6048,422.63451,422.6672,422.70345,422.74368499999997,422.77725999999996,422.812875,422.845615,422.8774,422.914595,422.953375,422.97702999999996
423.00075,423.00205,423.00685999999996,423.03026500000004,423.03655,423.057995,423.10695999999996,423.13940499999995,423.17572,423.20748,423.23928,423.26491,423.299195,423.331055,423.36662,423.38888,423.43785499999996,423.460075,423.491795,423.519305,423.573075,423.593505,423.63603499999994,423.682695,423.7174,423.737825,423.780365,423.804095,423.83858499999997,423.85668,423.91528,423.95626500000003
424.0007,424.002005,424.00652,424.03295499999996,424.057495,424.07306500000004,424.10861500000004,424.13458499999996,424.19208,424.223275,424.275025,424.319955,424.361865,424.37942999999996,424.41324000000003,424.461005,424.52979000000005,424.576145,424.597095,424.63555,424.657895,424.7136,424.754065,424.785795,424.82258499999995,424.85558,424.89366500000006,424.932565,424.963145,424.99456
425.0007,425.001955,425.029455,425.03834000000006,425.074555,425.10667,425.157555,425.18282999999997,425.22235,425.251975,425.28962,425.323405,425.35130499999997,425.394045,425.41632000000004,425.48818,425.51435499999997,425.56989500000003,425.617565,425.65638499999994,425.72013499999997,425.744525,425.79777,425.83187999999996,425.88009500000004,425.9002,425.93556500000005,425.9827
426.00065,426.00190999999995,426.007425,426.02607,426.03916,426.07045999999997,426.119085,426.14415999999994,426.18154000000004,426.20315999999997,426.237985,426.28571500000004,426.32117999999997,426.3534,426.38645,426.41845,426.49613,426.53615999999994,426.593725,426.646315,426.66722999999996,426.7106,426.74107000000004,426.7792,426.82425,426.86379000000005,426.92247000000003,426.951375
427.0006,427.001865,427.01010499999995,427.030845,427.10041500000005,427.13896500000004,427.15990999999997,427.200605,427.25041,427.2768,427.313615,427.35387000000003,427.42784000000006,427.48452000000003,427.526695,427.5676,427.60661500000003,427.653985,427.7085,427.74965499999996,427.79984,427.844605,427.883095,427.909245,427.94743,427.97910999999993
428.00055,428.00182,428.00513499999994,428.03185999999994,428.047095,428.117045,428.16855499999997,428.22371,428.288285,428.30672000000004,428.346055,428.40475,428.44144000000006,428.48161500000003,428.519715,428.55042000000003,428.58153,428.61540999999994,428.68869000000007,428.722345,428.763295,428.79266500000006,428.82266,428.83646,428.871605,428.92919000000006,428.9497,428.99579000000006
429.0005,429.001775,429.02765,429.0424,429.08402,429.12509000000006,429.14545,429.18575,429.230555,429.26462999999995,429.32718,429.36491500000005,429.397385,429.422875,429.4388,429.49695,429.54499500000003,429.591675,429.63996,429.689145,429.71414500000003,429.755745,429.79584500000004,429.831,429.890665,429.94300999999996,429.97718499999996
430.00045,430.001725,430.028245,430.0397,430.05604500000004,430.093805,430.146555,430.174125,430.20778499999994,430.236895,430.287075,430.314755,430.337675,430.3718,430.4053,430.43367,430.4703,430.50215999999995,430.52908499999995,430.57499,430.606385,430.646505,430.69875999999994,430.74938,430.778695,430.80084500000004,430.831305,430.861825,430.891035,430.92244500000004,430.94082000000003,430.96819500000004
431.0004,431.00167999999996,431.00534500000003,431.02945,431.04392,431.086905,431.12342,431.156035,431.215475,431.24021500000003,431.310455,431.40952999999996,431.44640999999996,431.4641,431.50327999999996,431.56618499999996,431.58534000000003,431.62154000000004,431.650115,431.67627999999996,431.71776500000004,431.753595,431.77914000000004,431.80694500000004,431.843,431.86807999999996,431.89265,431.91343,431.94985499999996,431.976855,431.99192999999997
432.00035,432.00164,432.02796500000005,432.03700999999995,432.090305,432.120195,432.164195,432.232095,432.27451500000006,432.32567,432.362705,432.400925,432.43009000000006,432.4619,432.48900999999995,432.533295,432.56589,432.59469,432.629275,432.689295,432.73185,432.75671500000004,432.78197,432.80332000000004,432.84199,432.90159000000006,432.94241500000004,432.990455
433.0003,433.00159,433.010395,433.02730999999994,433.03958,433.07763,433.116645,433.159015,433.211375,433.255855,433.31252,433.32939000000005,433.36215,433.38804500000003,433.44513499999994,433.45862,433.50516500000003,433.53853499999997,433.55628499999995,433.59885,433.638195,433.679365,433.70730499999996,433.771925,433.807775,433.832245,433.85605499999997,433.887845,433.93561500000004,433.96935999999994,433.98585499999996
434.0003,434.001545,434.00554500000004,434.02919,434.04542000000004,434.122895,434.14351500000004,434.18589000000003,434.215165,434.25221,434.28546500000004,434.31100999999995,434.33503499999995,434.370545,434.40808499999997,434.433275,434.47843,434.524395,434.53969000000006,434.5874,434.633345,434.674025,434.70585,434.74624000000006,434.81251,434.85424000000006,434.89126500000003,434.93863,434.97653499999996
435.00025,435.0015,435.02852,435.033765,435.09814500000005,435.13806500000004,435.1846,435.228555,435.254105,435.28592000000003,435.33203499999996,435.35485,435.37964500000004,435.40543499999995,435.436725,435.49830999999995,435.53336500000006,435.567575,435.60848,435.63223,435.67697999999996,435.698205,435.74575999999996,435.76354000000003,435.786705,435.82674000000003,435.86584500000004,435.90685,435.94082000000003,435.95987
436.0002,436.00145499999996,436.005405,436.03022000000004,436.049165,436.08095999999995,436.13669500000003,436.17280999999997,436.20741,436.23265999999995,436.26495,436.31426,436.33965,436.38122000000004,436.40319000000005,436.45986500000004,436.48835999999994,436.52409500000005,436.544275,436.60208,436.64386500000006,436.67466500000006,436.705155,436.74760499999996,436.78249000000005,436.80012,436.864585,436.885245,436.92842,436.98022000000003
437.00015,437.00140999999996,437.030565,437.08174,437.09973499999995,437.13517,437.171665,437.20052000000004,437.23855,437.259095,437.28204500000004,437.320405,437.343475,437.389825,437.44574000000006,437.49858,437.53384500000004,437.56985499999996,437.59177,437.60328,437.644645,437.69197,437.740205,437.781295,437.83281500000004,437.87194500000004,437.90284,437.93087,437.957355,437.98579000000007
438.0001,438.001365,438.02976500000005,438.03954500000003,438.08002999999997,438.10520999999994
