280.20425,280.25267,280.342135,280.373975,280.41517999999996,280.476845,280.55279,280.589265,280.641095,280.681075,280.69406000000004,280.71952999999996,280.739805,280.789445,280.89234,280.94145,280.96474,280.99899,281.032725,281.05641
281.20395,281.23122,281.235305,281.3205,281.32735499999995,281.38993500000004,281.48175499999996,281.54769500000003,281.58518,281.602065,281.6137,281.63979,281.71567999999996,281.72767999999996,281.79573500000004,281.9184,281.974035,282.004585,282.041015,282.07645499999995,282.161055,282.174755
282.2039,282.23236,282.236135,282.34783500000003,282.411005,282.501635,282.560905,282.594255,282.6389,282.691375,282.71449,282.775295,282.80647,282.87350499999997,282.91454500000003,282.98986,283.052865,283.129735,283.151205,283.19552999999996
283.2039,283.23186,283.2369,283.38523,283.5064,283.54636,283.636665,283.658545,283.67197999999996,283.706385,283.721785,283.83963,283.87670499999996,283.91346,283.957645,284.02128,284.047555,284.071955,284.08702,284.14127,284.16074,284.2033
284.2039,284.227825,284.2311,284.234445,284.365685,284.417995,284.50361000000004,284.611405,284.66353,284.677635,284.72224,284.783135,284.81686,284.858265,284.876415,285.01851,285.03963500000003,285.149985
285.2038,285.2157,285.23185,285.24003999999996,285.299765,285.37351,285.504805,285.570635,285.61347,285.64681,285.67822,285.707195,285.7653,285.79790499999996,285.820625,285.83778,285.909275,285.94601,285.992105,286.062105,286.092625,286.1207,286.14660499999997,286.190415,286.19647000000003
286.20375,286.230245,286.302015,286.34859500000005,286.46263999999996,286.563685,286.629475,286.665565,286.68629,286.70861,286.73188,286.7963,287.000035,287.093495,287.10946,287.17458500000004
287.2037,287.23235,287.235775,287.330375,287.417525,287.463415,287.502745,287.646315,287.724105,287.819765,287.8564,287.94937000000004,287.98938,288.045015,288.110985,288.165635,288.19941
288.20365,288.22826499999996,288.23936499999996,288.356485,288.39321,288.52266000000003,288.606175,288.646835,288.65899,288.68334500000003,288.74052,288.79717,288.84241000000003,288.89207000000005,288.919135,288.94007,289.038925,289.074895,289.11632000000003,289.161085
289.2036,289.211465,289.236915,289.344735,289.41314500000004,289.46943999999996,289.54126,289.59839,289.610095,289.639495,289.741805,289.750075,289.81735499999996,289.85553,289.883915,289.895035,289.979975,290.036785,290.07126,290.092585,290.14611
290.2035,290.240345,290.25543999999996,290.36036,290.40742,290.4772,290.56355,290.63017,290.65979,290.6908,290.72923,290.74855499999995,290.815325,290.859395,290.883605,290.889495,290.90911,290.93827000000005,290.98501,291.040935,291.071035,291.13325,291.15907000000004
291.2035,291.229115,291.2391,291.326265,291.38191,291.45377,291.56827000000004,291.59508999999997,291.676565,291.701135,291.740055,291.76615,291.846815,291.87779,291.911585,291.947885,291.97022999999996,291.98797,292.05045,292.07542,292.09537,292.11394,292.188435
292.20345,292.22612999999996,292.23297,292.27492,292.33777000000003,292.35654500000004,292.434715,292.570765,292.607575,292.62511,292.66266,292.68801,292.695475,292.7216,292.73866,292.752725,292.80839,292.86662,292.970815,293.00144,293.0324,293.090535,293.12796000000003,293.14804,293.158585,293.19455
293.20345,293.23688,293.324785,293.388415,293.448425,293.57890499999996,293.6237,293.64572000000004,293.66508,293.705865,293.72011499999996,293.80481499999996,293.843935,293.87727,293.89395,293.90668,293.92719500000004,293.95777000000004,293.986225,294.0721,294.110625,294.11552,294.147485,294.186895
294.20345,294.234775,294.32005,294.334875,294.43310499999995,294.494835,294.527515,294.559875,294.5775,294.60005,294.638895,294.684065,294.77288,294.80677000000003,294.83524,294.865545,294.89213,294.896925,294.91294500000004,294.977275,295.07475,295.08657999999997,295.13437000000005,295.186475
295.20335,295.23734,295.27459,295.333945,295.34718,295.46935,295.54256499999997,295.606595,295.64590499999997,295.663925,295.694615,295.77345,295.80084500000004,295.83963,295.89108500000003,295.923725,295.984435,296.01777999999996,296.036055,296.06996499999997,296.127095,296.15872,296.193325
296.2033,296.23437,296.273665,296.335235,296.399775,296.542875,296.583535,296.63647000000003,296.682425,296.707595,296.73341,296.763505,296.807075,296.840235,296.86581,296.88482999999997,296.908025,296.922965,296.95538999999997,296.99026000000003,297.00620499999997,297.01606499999997,297.024325,297.095275,297.12004,297.14432999999997,297.17181
297.20325,297.232295,297.26945,297.330325,297.3807,297.52428,297.571715,297.59746,297.61944,297.66309,297.709875,297.767495,297.80233,297.84331000000003,297.898715,297.95557,297.99785,298.03004,298.04885,298.07337,298.121735,298.145405,298.17163,298.19653
298.2032,298.230685,298.238335,298.453305,298.517485,298.55092,298.588215,298.59672,298.67124,298.6965,298.71705,298.74321499999996,298.823915,298.87437,298.90708,298.96702,299.011665,299.05315,299.064135,299.100945,299.12523999999996,299.158595,299.18889
299.20315,299.207835,299.26383,299.337145,299.5277,299.550995,299.585535,299.628665,299.73442,299.77643,299.804665,299.83479500000004,299.854415,299.887865,299.919775,299.94135,299.97198,300.00666,300.08497,300.103275,300.13336,300.159115
300.2031,300.22713,300.28045,300.33396,300.38588,300.48955,300.54175499999997,300.554615,300.56449,300.624,300.64968999999996,300.67736,300.70811000000003,300.76061,300.77462,300.82313999999997,300.873245,300.92107000000004,300.960755,300.98337999999995,300.990405,301.021995,301.034025,301.074935,301.17322,301.20227
301.20305,301.22885499999995,301.23199500000004,301.24602000000004,301.368425,301.3903,301.47935,301.5144,301.52934,301.55689,301.57574500000004,301.60318,301.632045,301.68206000000004,301.69619,301.7209,301.734885,301.82137,301.91515,301.963465,301.99194500000004,302.04856,302.07057000000003,302.13624500000003,302.190495
302.203,302.22328500000003,302.23857999999996,302.342685,302.49363,302.549685,302.56673,302.61849,302.650525,302.664405,302.71353,302.762395,302.81014,302.86411,302.880075,302.920355,302.952935,303.00048,303.10085499999997,303.179875
303.203,303.22696,303.230935,303.372785,303.407085,303.514345,303.66316,303.69653999999997,303.71824,303.748405,303.761945,303.78414,303.805885,303.84198,303.93205,303.943715,304.028835,304.05580499999996,304.102515,304.1271,304.20266000000004
304.20295,304.23013,304.23399,304.36241,304.41089500000004,304.49019,304.58993,304.63948500000004,304.684595,304.700385,304.73564,304.7702,304.803725,304.84101499999997,304.860565,304.8945,304.93061,304.96808500000003,304.98661,305.075975,305.112575,305.14789,305.182955
305.2029,305.230485,305.24138500000004,305.265815,305.33339,305.372095,305.468055,305.56231,305.609325,305.628815,305.70787,305.73509,305.79382000000004,305.840325,305.85856,305.87977,305.89164500000004,305.94313999999997,305.951015,305.98139,306.08952,306.099235,306.15709,306.19329
306.20285,306.227175,306.23426,306.33648999999997,306.394065,306.45788999999996,306.58031,306.60156,306.625185,306.681555,306.698215,306.725265,306.74597,306.79179,306.81782999999996,306.84934,306.89947,306.91711499999997,306.97393999999997,307.01871,307.042155,307.06847,307.10339500000003,307.136105,307.16251,307.19029
307.2028,307.208075,307.238875,307.33127,307.356375,307.414735,307.503375,307.562755,307.597555,307.62156,307.68299,307.70867000000004,307.723975,307.79465,307.81964500000004,307.906875,307.92261,307.98774,308.039115,308.05914,308.095175,308.18231000000003
308.20275,308.25003,308.34679500000004,308.39423,308.50449,308.52945,308.607095,308.650605,308.690845,308.717355,308.731405,308.78301,308.795135,308.8301,308.86343999999997,308.910285,308.96143,309.01777000000004,309.03531499999997,309.047495,309.072365,309.1041,309.14069
309.2027,309.20972,309.23177000000004,309.31575499999997,309.35990499999997,309.542915,309.56854,309.630535,309.648805,309.667675,309.687415,309.718,309.76273,309.77827,309.82291000000004,309.847965,309.88021499999996,309.90583,309.93512000000004,310.00334,310.046725,310.08616,310.09659500000004,310.15558500000003,310.19568
310.20265,310.2609,310.36411499999997,310.412985,310.462595,310.495715,310.58445,310.62681499999997,310.70185499999997,310.74967000000004,310.76378,310.81045,310.857715,310.88869,310.91987,310.9461,311.033475,311.055765,311.098485,311.162275,311.18952
311.2026,311.223675,311.22654,311.23571,311.34471,311.44781,311.51201499999996,311.57392999999996,311.60134500000004,311.632785,311.64763,311.661565,311.734675,311.792555,311.81377000000003,311.830725,311.85792999999995,311.894195,311.935825,311.94728,311.97708,312.009545,312.052935,312.09666,312.11685,312.13805,312.201805
312.2026,312.229405,312.23254,312.32425,312.39176000000003,312.46851499999997,312.521625,312.581705,312.592065,312.62784,312.68232,312.74789,312.76346,312.83898500000004,312.87611499999997,312.9719,313.00491,313.03376000000003,313.04831,313.06155,313.0932,313.10669,313.199905
313.2025,313.227675,313.233255,313.32853,313.35616,313.463745,313.527285,313.596495,313.68605,313.71623,313.752075,313.76574500000004,313.805835,313.8326,313.858785,313.894475,313.908755,313.92359,313.938455,313.9646,313.989675,314.007045,314.075855,314.08829,314.126265,314.17256499999996,314.18883999999997
314.2025,314.2308,314.335175,314.36437,314.543325,314.58979500000004,314.615095,314.632635,314.656495,314.675925,314.76351,314.78532,314.82260499999995,314.88097,314.896025,314.92632000000003,314.94325499999997,314.9738,314.99869,315.06588500000004,315.089185,315.09879,315.12413,315.16487,315.186075
315.20245,315.21031,315.308725,315.356735,315.4032,315.50182,315.640125,315.67024,315.68777,315.72567999999995,315.785115,315.889955,315.93449,315.973315,316.02316,316.03307,316.084955,316.1246,316.19777
316.2024,316.230995,316.30343999999997,316.33648,316.41685,316.44399500000003,316.4914,316.592585,316.615435,316.6448,316.7016,316.71409500000004,316.75496,316.78245499999997,316.815225,316.90854,316.950145,316.967895,317.070155,317.08197,317.184435
317.20235,317.2289,317.23537000000005,317.33229,317.44464,317.4733,317.532915,317.56715499999996,317.6001,317.653915,317.717105,317.783775,317.810365,317.86366,317.892975,317.930695,317.97634500000004,317.99786,318.044925,318.073735,318.11924500000003,318.155325,318.18543999999997,318.198675
318.2023,318.267535,318.32254,318.379385,318.484645,318.53826000000004,318.568125,318.61226,318.630985,318.65306,318.665935,318.73605,318.75723500000004,318.789435,318.81949,318.87178,318.92863,318.960965,318.97396499999996,319.03956,319.055785,319.094015,319.10648,319.15096,319.16459
319.20225,319.2248,319.234305,319.308375,319.338025,319.39103,319.515015,319.56049,319.59607,319.632725,319.65353500000003,319.67287999999996,319.751935,319.785845,319.81461,319.84479500000003,319.906445,319.92380499999996,319.94361000000004,319.96276,319.98046,320.01027,320.060825,320.095665,320.12190499999997,320.14158,320.14847000000003
320.2022,320.225225,320.22861,320.23171,320.35042999999996,320.40296,320.44839,320.50415,320.614535,320.67951,320.71139500000004,320.75372000000004,320.792525,320.825795,320.84897,320.923335,320.95703,320.97514,321.0212,321.075655,321.113885,321.144505,321.16770499999996,321.1783
321.20215,321.20799500000004,321.230875,321.33297000000005,321.36747,321.474875,321.55221,321.578315,321.608965,321.61298500000004,321.641125,321.645265,321.669345,321.69705,321.70673500000004,321.740215,321.76094,321.789935,321.886595,321.91846499999997,321.92997,321.95072000000005,322.09114500000004,322.1162,322.160055
322.20215,322.234515,322.30306,322.34020499999997,322.46148999999997,322.569185,322.61071,322.655845,322.682105,322.725565,322.7674,322.832365,322.86200499999995,322.88027,322.896245,322.936925,322.95804,322.98161,322.99728,323.047505,323.066435,323.07701000000003,323.135325,323.195895
323.20205,323.21188,323.26287,323.38608,323.452225,323.51608999999996,323.52769,323.561435,323.59259,323.627115,323.70254,323.74977,323.82316000000003,323.850365,323.86764500000004,323.889515,323.924375,323.97964,324.00061,324.016385,324.051425,324.09729,324.1261,324.162875,324.18921
324.20205,324.22842,324.232795,324.375745,324.43455,324.59146499999997,324.619835,324.634275,324.648925,324.67985,324.71546,324.81281,324.84058999999996,324.875395,324.90517,324.97205499999995,325.00835,325.05771,325.07960499999996,325.119105,325.137605,325.166185,325.19763
325.20195,325.228,325.25827000000004,325.33999,325.39606499999996,325.431475,325.52935,325.61303,325.643505,325.66725499999995,325.6855,325.71227000000005,325.75602000000003,325.784065,325.81672000000003,325.868405,325.907715,325.96061000000003,325.99447999999995,326.004375,326.034125,326.067775,326.08132,326.17326
326.20195,326.233525,326.33364500000005,326.38217000000003,326.455245,326.543995,326.587515,326.61003999999997,326.62756,326.656545,326.67985,326.719715,326.743395,326.77939,326.79943,326.844465,326.90269,326.944665,326.96316,327.00307000000004,327.055115,327.080845,327.1252,327.14887999999996,327.169585
327.2019,327.227595,327.24731,327.32131,327.38159,327.48867,327.58547999999996,327.6134,327.633885,327.660125,327.67674,327.845625,327.87618,327.94052,327.975505,328.034135,328.076225,328.12678,328.1933
328.2019,328.221705,328.23471,328.32433,328.339025,328.40507,328.48174500000005,328.53927000000004,328.638305,328.671175,328.68313,328.716325,328.74194,328.77302000000003,328.8084,328.83851,328.882515,328.91823,328.933985,328.97101499999997,329.020425,329.03774,329.0896,329.107615,329.14504500000004,329.195205
329.2018,329.23266,329.24698,329.339725,329.378265,329.46473,329.55408,329.586025,329.62871,329.652285,329.67641499999996,329.68729,329.757175,329.788495,329.81361,329.833345
